0 3455
1 2081
2 1372
3 3971
4 2509
5 57
6 4320
7 3390
8 2265
9 3108
10 2772
11 4439
12 2594
13 3874
14 3812
15 271
16 762
17 2221
18 490
19 3213
20 2458
21 0
22 1706
23 1649
24 326
25 597
26 3258
27 3120
28 3539
29 3025
30 3529
31 535
32 615
33 2054
34 2571
35 1099
36 3100
37 3305
38 2688
39 2696
40 4026
41 997
42 3940
43 2970
44 3894
45 3158
46 2514
47 2429
48 573
49 1748
50 2792
51 2763
52 2128
53 1015
54 4063
55 1067
56 72
57 4095
58 2997
59 1410
60 3583
61 3259
62 1636
63 1968
64 2663
65 1753
66 2184
67 3678
68 4455
69 2528
70 3293
71 1893
72 3106
73 2803
74 91
75 2744
76 4382
77 33
78 990
79 3820
80 2453
81 1044
82 147
83 2255
84 455
85 4127
86 132
87 2086
88 1028
89 2992
90 2080
91 2823
92 266
93 4184
94 2041
95 2660
96 2416
97 4175
98 1605
99 2511
100 3702
101 1550
102 3399
103 3257
104 3089
105 4261
106 2981
107 3153
108 4474
109 2276
110 3056
111 3788
112 4096
113 1321
114 810
115 4144
116 2597
117 1035
118 4231
119 4
120 1719
121 2318
122 2550
123 2841
124 776
125 2724
126 129
127 2434
128 2420
129 3362
130 1385
131 449
132 2060
133 2682
134 1578
135 3033
136 2091
137 3271
138 112
139 3596
140 1357
141 1062
142 2305
143 1254
144 2450
145 1452
146 2540
147 2245
148 3537
149 3420
150 2171
151 3612
152 4150
153 4165
154 3222
155 4003
156 1140
157 4434
158 304
159 3017
160 928
161 4101
162 1277
163 3511
164 2698
165 1489
166 88
167 3364
168 1463
169 2447
170 1620
171 3857
172 1406
173 1470
174 2042
175 2504
176 335
177 2956
178 3715
179 22
180 7
181 2747
182 1898
183 739
184 217
185 2984
186 3323
187 1013
188 3026
189 1837
190 2121
191 3884
192 3926
193 3398
194 185
195 1896
196 2161
197 610
198 2818
199 804
200 826
201 677
202 901
203 920
204 4085
205 3093
206 4487
207 1728
208 4470
209 3382
210 584
211 1763
212 3473
213 3064
214 1810
215 1863
216 3758
217 1260
218 1483
219 642
220 2880
221 4116
222 3723
223 2180
224 4359
225 3016
226 1497
227 1017
228 868
229 3279
230 3344
231 764
232 1828
233 3045
234 671
235 337
236 3605
237 613
238 659
239 971
240 403
241 2023
242 4371
243 285
244 1194
245 197
246 461
247 1373
248 1468
249 3992
250 2670
251 127
252 15
253 4203
254 470
255 3233
256 1909
257 917
258 3688
259 184
260 1523
261 3236
262 1176
263 1984
264 985
265 3833
266 60
267 3489
268 2282
269 3419
270 4523
271 2608
272 3060
273 73
274 1520
275 4332
276 113
277 3948
278 24
279 786
280 121
281 4083
282 3912
283 4137
284 3151
285 4423
286 3206
287 4307
288 3058
289 1228
290 3359
291 4040
292 651
293 4374
294 2662
295 368
296 1221
297 4480
298 2365
299 551
300 3173
301 967
302 1548
303 2269
304 3078
305 1312
306 69
307 153
308 3129
309 4290
310 1517
311 4279
312 2134
313 1039
314 3831
315 2486
316 2290
317 1158
318 4520
319 1438
320 2968
321 347
322 4011
323 2998
324 2313
325 4549
326 419
327 13
328 4448
329 2300
330 3021
331 1375
332 3490
333 2292
334 2045
335 3226
336 2833
337 1143
338 1376
339 1559
340 3564
341 2074
342 4082
343 1532
344 1537
345 4528
346 1777
347 3019
348 2326
349 322
350 4385
351 162
352 3084
353 3285
354 3665
355 4379
356 2367
357 4156
358 3453
359 3001
360 3896
361 501
362 3836
363 3773
364 2352
365 1269
366 1179
367 566
368 3904
369 648
370 2551
371 3300
372 1940
373 3647
374 3457
375 3559
376 190
377 354
378 1727
379 4478
380 2659
381 1958
382 2764
383 3341
384 993
385 945
386 3868
387 4172
388 1308
389 1427
390 2636
391 1571
392 4236
393 1589
394 572
395 4021
396 770
397 3439
398 539
399 248
400 2941
401 2673
402 690
403 3424
404 1560
405 828
406 1700
407 763
408 3780
409 2719
410 845
411 2683
412 3500
413 4500
414 2329
415 2142
416 3958
417 2558
418 3204
419 2627
420 1867
421 2315
422 840
423 784
424 507
425 2299
426 1202
427 3274
428 3561
429 49
430 371
431 3932
432 668
433 2674
434 3636
435 3217
436 2192
437 908
438 4163
439 3804
440 351
441 4531
442 4432
443 4222
444 19
445 3870
446 3218
447 2630
448 2979
449 2553
450 2692
451 3092
452 3637
453 1059
454 487
455 1547
456 2869
457 2194
458 182
459 475
460 2129
461 2935
462 150
463 325
464 1414
465 56
466 847
467 2357
468 3676
469 2746
470 1183
471 4044
472 3449
473 3160
474 395
475 2533
476 3282
477 1247
478 2385
479 4131
480 1629
481 102
482 1104
483 3036
484 4498
485 1000
486 1235
487 4036
488 2436
489 4269
490 3843
491 2030
492 1409
493 3333
494 3148
495 2516
496 665
497 2239
498 4241
499 3184
500 3055
503 2096
504 878
505 3370
506 3008
507 4170
508 4262
509 364
511 4256
513 1149
516 2842
517 41
518 2749
519 2882
520 4161
522 3935
523 65
524 529
527 1751
528 3661
529 3172
531 1065
533 2320
534 3062
535 4461
536 3240
538 1420
540 312
542 1079
543 3802
544 3930
546 2474
548 4274
553 2562
554 2710
556 3043
557 1082
558 211
560 1474
561 1583
564 1315
566 1770
567 2928
568 1060
570 2222
571 1901
575 4547
576 1330
579 933
580 1618
583 2924
586 2788
588 2227
589 1160
590 991
595 3573
596 4347
597 1469
598 3523
599 3301
600 3772
601 1908
603 3488
605 1599
606 2867
608 2852
609 3551
610 3512
611 2462
612 4136
614 3553
615 4257
617 375
618 1109
619 4146
621 3577
622 3448
623 2743
624 3783
626 293
627 3115
628 3795
629 2583
631 1609
632 2952
633 3587
634 2858
635 3580
636 1576
638 3506
639 1912
640 2176
642 203
643 818
644 1815
646 3328
647 963
648 3859
649 320
650 225
651 1766
653 1937
654 1073
655 2369
656 2442
658 434
660 3139
662 2405
663 2690
666 3881
667 2220
668 872
669 3810
671 947
672 1299
673 44
674 802
675 274
676 3853
677 2454
678 2584
679 2105
680 2820
682 752
686 3416
687 140
688 2872
689 1069
690 1423
692 1273
693 3903
694 3984
695 1354
697 2653
698 284
699 495
700 1698
701 2374
702 4254
703 340
704 1360
705 3355
708 380
709 2468
710 336
711 3792
713 4401
714 4287
715 2521
716 717
717 740
718 3819
719 1981
720 4437
721 4451
723 2888
726 1458
727 1447
729 1856
731 929
732 1581
734 4020
735 4088
736 738
738 3800
739 3185
740 2256
741 276
742 473
743 4074
744 2946
745 2206
746 2489
747 1040
749 1999
750 4353
751 2477
752 4416
753 563
754 4466
755 3496
756 2750
757 3908
759 866
761 3943
764 3697
765 3603
766 604
767 1147
768 978
769 355
770 341
772 859
773 1807
774 356
776 1788
777 1835
778 192
779 3392
780 353
781 4369
783 1319
784 889
785 3031
786 2496
787 966
788 3413
790 3232
791 3201
792 1323
793 4427
795 2881
796 34
797 1345
798 3976
799 4114
800 4337
801 3167
802 2620
803 2938
804 3575
805 3672
806 3244
807 2004
809 2053
810 1853
811 3169
812 711
813 4452
814 4514
815 2114
816 149
817 729
818 435
819 621
820 634
821 4405
824 2452
825 1078
826 295
827 386
829 1475
830 401
831 3280
832 2039
833 1913
835 772
836 960
837 160
839 3130
840 3318
841 1938
842 2401
843 1480
844 2378
845 4533
846 3824
847 2787
848 3949
849 3640
850 2001
852 4306
853 2334
854 1380
855 1371
856 3374
857 1108
858 1814
859 3543
860 918
861 513
863 1042
864 2974
866 1338
867 443
868 606
869 631
870 1229
872 1602
873 2588
875 2822
876 3322
877 472
878 1033
880 407
881 3604
882 1826
883 3313
884 3203
885 1943
886 157
887 3650
889 2878
890 2175
892 2874
893 4412
894 2847
895 3785
896 3847
897 3679
898 3290
900 3334
901 1872
902 1857
903 695
905 3081
906 492
907 3817
908 4551
910 1226
911 2879
912 3018
914 4264
915 3951
916 744
917 1978
918 3816
919 1471
920 3756
921 4457
922 3864
923 4111
928 111
929 2555
931 2854
932 1146
933 2506
934 2621
935 9
936 3978
937 3200
938 2006
939 2149
941 2838
942 4209
943 4080
944 4022
945 4537
946 3462
948 779
950 1178
951 3291
952 3195
953 857
954 3760
956 1877
957 2213
958 989
959 2391
960 4381
962 2281
963 1113
964 1169
965 3492
967 4016
970 607
971 898
972 67
973 1812
975 2075
976 1917
978 2384
979 1352
980 3961
981 3660
983 534
984 408
985 2228
986 1885
987 1390
988 959
989 4492
990 3548
991 441
992 3118
994 59
995 119
996 3736
997 148
998 4477
999 232
1000 3590
1001 726
1002 1993
1003 2564
1004 82
1005 924
1007 2655
1008 4443
1009 3643
1010 3378
1011 1302
1012 3866
1013 4024
1014 1760
1016 4263
1017 2144
1019 23
1020 1974
1021 3693
1022 1870
1023 3610
1026 4294
1027 3578
1028 4303
1029 3986
1030 3409
1031 3294
1032 3927
1034 1141
1035 4265
1037 2343
1038 703
1039 2026
1040 2573
1041 4159
1043 3787
1044 2977
1045 1307
1046 2672
1047 2727
1048 2197
1049 1006
1051 3865
1052 4250
1054 383
1055 1011
1056 4162
1057 3544
1058 3818
1060 480
1061 4562
1063 2052
1064 666
1065 768
1066 2887
1067 2835
1068 1056
1069 2277
1070 2270
1071 361
1072 3625
1073 3687
1074 1660
1075 1503
1077 1209
1078 1384
1079 2106
1080 1736
1083 823
1084 926
1085 2087
1086 4072
1087 3225
1088 3048
1090 3197
1092 910
1093 930
1095 2821
1096 2342
1098 4059
1099 3878
1100 2811
1101 3779
1102 4429
1103 243
1104 2047
1105 1300
1106 1212
1107 2132
1108 3312
1109 817
1112 3373
1113 3652
1115 685
1116 85
1117 4270
1118 736
1119 536
1120 2877
1121 528
1122 3086
1123 2704
1124 627
1125 1562
1126 2950
1127 3509
1128 3278
1129 2183
1130 2752
1131 730
1132 998
1133 1090
1134 1894
1135 2485
1139 4548
1140 4058
1141 2722
1142 3229
1144 4112
1145 3003
1146 3653
1147 3560
1148 365
1149 4064
1150 4430
1151 4524
1152 2347
1153 949
1154 719
1156 1586
1157 3499
1158 1261
1159 1549
1160 2518
1161 4389
1162 346
1163 2568
1164 4232
1165 1615
1167 2969
1168 3321
1169 3069
1170 373
1171 3385
1172 2590
1173 1952
1174 4298
1175 3991
1176 1392
1178 4149
1179 1366
1180 590
1181 1246
1182 1846
1183 686
1184 4386
1185 825
1186 196
1187 3214
1188 1182
1189 964
1190 812
1191 2531
1192 2915
1193 4043
1194 3967
1195 3356
1197 4007
1198 2100
1200 2868
1201 4295
1202 2014
1204 474
1205 657
1206 1405
1207 3470
1208 1098
1209 3138
1210 3464
1211 1449
1212 1623
1213 3892
1214 413
1215 761
1216 4421
1217 4556
1218 1424
1219 925
1220 1180
1221 3589
1222 2411
1223 2738
1224 3696
1225 2861
1226 1200
1227 3146
1229 1865
1230 3733
1231 1637
1232 3520
1233 1577
1234 1650
1235 556
1236 315
1237 3187
1238 2825
1239 209
1241 1287
1242 1737
1244 1492
1245 1914
1246 2456
1247 4297
1248 3766
1249 3353
1250 2118
1251 1685
1252 1731
1253 3541
1254 2095
1255 1362
1257 1317
1258 35
1259 842
1260 1341
1261 37
1262 483
1263 1921
1264 1394
1265 2976
1266 1061
1267 1775
1269 1115
1270 2999
1271 1087
1272 799
1273 1187
1276 3704
1277 2971
1278 3039
1280 3968
1281 3729
1283 1216
1284 3366
1285 317
1286 3856
1287 1364
1289 1871
1290 1252
1292 194
1293 3057
1294 2501
1297 1151
1298 3743
1299 2570
1300 4539
1301 1720
1302 4001
1303 885
1304 4338
1306 1804
1307 2837
1308 4167
1309 540
1310 3250
1311 2661
1312 1544
1313 1223
1315 1569
1316 4041
1317 517
1318 1689
1319 3241
1320 410
1321 3670
1322 4147
1323 2916
1324 2980
1325 214
1326 1298
1327 1156
1328 1032
1329 2000
1330 2287
1331 2929
1332 2093
1333 1089
1334 3851
1335 2991
1336 1022
1337 1670
1339 2207
1340 3929
1341 3209
1342 824
1343 1795
1344 931
1345 3638
1346 533
1347 2806
1348 667
1349 1843
1350 2248
1353 1884
1355 1600
1356 2643
1358 906
1359 25
1362 2939
1363 944
1364 2214
1365 4206
1367 758
1368 4377
1369 1593
1370 1868
1372 3393
1374 4227
1375 1776
1376 2079
1377 2497
1378 4495
1379 508
1381 1086
1382 952
1383 1991
1385 2215
1386 302
1387 2382
1388 2863
1389 3774
1390 1622
1391 2650
1392 2412
1393 4179
1394 548
1395 3124
1397 1726
1398 1787
1399 4228
1400 1714
1401 4244
1402 3269
1403 2076
1405 2836
1406 4383
1407 1638
1409 4091
1410 4543
1411 3970
1412 4409
1413 2606
1414 3793
1415 986
1416 4444
1417 2264
1418 3
1419 2421
1420 2610
1421 4525
1422 2694
1423 3191
1424 3790
1427 76
1428 1145
1429 3006
1430 3694
1431 3899
1432 2677
1433 3530
1434 2934
1435 4299
1436 2381
1437 3095
1438 1675
1439 3228
1440 1702
1441 3782
1442 1911
1443 691
1444 4288
1445 3685
1446 143
1447 4178
1448 2651
1449 489
1450 4252
1451 1340
1452 834
1453 4311
1454 2332
1455 4545
1456 1349
1457 458
1458 485
1459 201
1460 2680
1461 852
1462 3375
1463 126
1464 3268
1465 4559
1466 3196
1467 1199
1468 3117
1469 45
1470 724
1471 2370
1472 4050
1473 546
1474 3769
1475 256
1476 4301
1477 2644
1478 1236
1479 807
1481 2593
1482 706
1483 3276
1484 1782
1485 1713
1486 452
1487 2322
1488 882
1489 1942
1490 2339
1491 858
1493 3664
1494 1168
1495 3751
1496 3295
1497 3931
1498 3383
1499 3713
1500 2376
1501 2494
1502 3265
1503 751
1504 4360
1505 656
1506 3997
1507 4553
1508 4357
1509 1907
1510 2350
1511 2296
1512 238
1513 3256
1514 1093
1515 1455
1516 1626
1517 3763
1518 2529
1520 2906
1521 3876
1522 3231
1525 2517
1526 1137
1527 710
1528 83
1529 272
1531 1088
1532 2745
1533 3405
1534 2344
1535 1418
1536 4462
1537 2131
1538 2988
1539 4329
1540 1754
1541 670
1542 2945
1543 2349
1544 1966
1545 240
1546 181
1547 3757
1548 220
1549 1920
1550 2272
1551 970
1552 4234
1553 3673
1554 3428
1555 298
1556 1278
1557 110
1558 887
1560 705
1561 4185
1562 2216
1563 1123
1564 1282
1565 3700
1566 1992
1567 560
1568 2675
1569 3437
1570 746
1571 314
1572 2031
1573 2230
1575 2113
1576 379
1577 1792
1578 2902
1579 204
1580 733
1581 2179
1582 694
1583 4397
1584 1749
1585 2737
1586 1327
1587 4004
1588 4418
1590 3768
1591 4341
1592 4117
1593 4546
1595 3176
1597 289
1598 2921
1599 1607
1600 4330
1601 1206
1603 1381
1604 3924
1605 549
1606 3123
1607 2609
1608 87
1609 4193
1612 2404
1613 3319
1614 1070
1615 305
1616 1311
1617 3862
1619 3246
1620 2948
1621 2395
1622 3979
1623 1272
1624 20
1625 3221
1626 518
1627 2654
1628 1746
1629 1504
1630 3446
1631 1403
1632 313
1634 4098
1635 1953
1636 207
1637 226
1638 3632
1639 4049
1640 2958
1641 1019
1642 2177
1643 1573
1644 3649
1645 3815
1646 178
1647 1910
1648 3765
1649 4010
1650 3347
1651 1509
1652 1386
1653 186
1654 2317
1655 3037
1656 1038
1657 2362
1658 3002
1659 814
1660 4198
1661 2243
1662 1184
1663 4158
1664 3251
1665 1848
1666 2297
1668 1797
1669 1118
1670 250
1671 1084
1672 2541
1673 3832
1674 3395
1675 245
1676 2897
1677 2914
1678 310
1679 715
1680 1162
1681 598
1682 327
1683 1225
1685 4214
1686 2167
1687 421
1688 775
1689 1888
1690 1289
1691 575
1692 570
1693 3212
1694 497
1695 4561
1698 3174
1699 1214
1700 3133
1701 3171
1702 1445
1703 3584
1704 3656
1705 3242
1706 10
1707 3303
1708 260
1709 433
1710 2288
1711 1919
1712 4065
1713 229
1714 2578
1715 4068
1716 2104
1717 1138
1718 2124
1719 2078
1720 477
1721 644
1722 106
1724 1653
1725 4046
1726 1045
1727 734
1728 1491
1729 1951
1730 1558
1731 4501
1732 3624
1733 3435
1735 4033
1736 3960
1737 3298
1738 2368
1739 1204
1740 622
1741 3073
1742 2732
1743 1873
1744 1121
1745 2122
1746 2289
1747 2146
1748 2748
1749 3337
1750 1018
1751 3289
1752 2422
1753 1346
1754 1155
1756 1511
1757 909
1758 4155
1759 1915
1760 2827
1761 538
1763 629
1764 663
1765 3304
1766 172
1767 4460
1768 3351
1769 1009
1770 2951
1771 2479
1772 1498
1773 2758
1774 3995
1775 1433
1776 161
1777 170
1778 3202
1779 4362
1781 4481
1782 3296
1783 3207
1785 2335
1786 369
1787 4188
1788 1189
1789 773
1790 288
1791 2708
1792 2592
1793 1139
1794 2857
1795 3331
1796 237
1797 3755
1798 3601
1799 632
1800 3112
1801 1431
1802 4428
1803 3677
1804 1399
1805 977
1806 2032
1807 626
1809 2624
1810 846
1812 1954
1814 1566
1816 2435
1817 4248
1818 3821
1819 3005
1821 1944
1822 3570
1823 1473
1824 1324
1825 2905
1826 2415
1827 3316
1828 1211
1829 1512
1830 2840
1831 11
1832 2446
1833 1659
1834 3822
1835 2831
1836 175
1837 2426
1839 2783
1840 2200
1841 3015
1842 3628
1843 4133
1844 1174
1845 484
1846 3977
1847 4023
1848 1348
1850 4054
1851 2839
1852 1343
1853 1502
1854 1608
1855 3867
1856 3441
1858 2954
1859 2490
1860 1844
1861 1864
1862 4507
1863 189
1864 2072
1865 2873
1866 1572
1867 1264
1868 2034
1869 2524
1871 616
1872 1129
1873 1769
1874 3384
1875 2337
1876 1119
1877 1193
1878 4370
1880 3402
1881 1322
1882 4403
1883 387
1884 3835
1885 4304
1886 1570
1887 2010
1888 124
1889 154
1890 2618
1891 2361
1892 4130
1893 2117
1894 4115
1895 2463
1896 4394
1897 1594
1898 4540
1899 1738
1900 700
1901 4070
1902 968
1903 1557
1904 4469
1905 2602
1906 3438
1907 2908
1908 3061
1909 1292
1910 2789
1911 3934
1912 1450
1913 1092
1914 166
1915 3738
1916 4313
1917 838
1918 3907
1919 2802
1920 2483
1921 227
1922 1899
1923 893
1925 3854
1926 4174
1927 851
1928 1412
1929 676
1930 916
1931 3110
1932 1696
1934 943
1935 1527
1936 2238
1937 3794
1938 3706
1939 523
1940 4521
1941 1744
1942 3917
1943 4100
1944 2901
1945 236
1946 3890
1947 1185
1948 1960
1949 1926
1950 3101
1951 255
1952 3478
1953 402
1954 3170
1955 1903
1956 2115
1957 431
1958 1077
1959 2816
1960 877
1961 2525
1962 3747
1963 586
1964 1231
1965 3122
1966 2211
1967 3239
1968 4105
1969 3126
1970 881
1971 439
1972 1694
1973 1955
1974 1175
1975 1296
1976 3748
1977 2085
1978 682
1979 3097
1980 1612
1981 3714
1982 152
1983 1574
1984 1391
1985 3616
1986 1819
1987 2596
1988 187
1989 2058
1990 3147
1991 1205
1992 771
1993 198
1994 1505
1995 2449
1996 2050
1997 3633
1999 4506
2000 3358
2001 451
2002 3569
2003 1021
2004 2057
2005 2679
2006 1440
2007 708
2008 180
2009 2705
2011 550
2012 1673
2013 3163
2014 283
2015 2455
2016 633
2017 2530
2018 1031
2019 2572
2020 4413
2021 1243
2022 3361
2023 4055
2024 1866
2025 1370
2026 1257
2027 4411
2028 3480
2029 2601
2030 3533
2031 829
2032 2324
2033 359
2034 2895
2035 411
2036 896
2037 1895
2038 3042
2039 4217
2040 554
2041 2163
2042 1501
2043 541
2044 2402
2046 496
2047 2358
2048 4038
2049 3593
2050 2190
2051 1887
2052 4322
2054 2726
2055 425
2056 2371
2057 1128
2058 3463
2059 1625
2060 4207
2061 4109
2062 654
2063 3088
2064 2003
2065 1100
2066 3712
2067 1064
2068 524
2070 3444
2071 600
2072 2819
2073 2565
2076 1651
2077 218
2078 235
2079 1656
2080 712
2081 585
2082 3536
2083 1836
2084 1729
2085 3535
2086 1258
2087 3136
2088 3495
2089 1664
2091 3040
2092 2223
2093 1215
2095 3445
2096 2336
2097 1388
2098 3286
2099 3707
2100 446
2101 438
2102 1892
2103 794
2104 2898
2105 3582
2106 62
2107 297
2108 2240
2109 424
2110 3846
2111 2492
2112 2068
2113 1774
2114 4435
2115 1008
2116 1824
2117 2500
2118 3898
2119 3691
2120 1628
2121 2225
2122 30
2123 4235
2124 3727
2125 636
2126 912
2127 1640
2128 4317
2129 1144
2130 224
2131 2912
2132 796
2133 580
2134 1758
2135 4079
2136 919
2137 765
2138 4138
2139 2319
2140 200
2141 2125
2142 1845
2143 3345
2144 4251
2145 55
2147 1662
2148 385
2149 2855
2150 950
2152 2077
2153 2505
2154 1945
2155 1111
2156 4468
2157 3063
2158 2379
2159 720
2160 1461
2161 2849
2162 2212
2163 1171
2164 3381
2165 836
2166 2631
2167 2325
2168 2910
2169 2742
2170 3703
2171 193
2172 3324
2174 1220
2175 3264
2176 641
2177 2136
2178 3109
2179 3838
2180 2046
2181 4463
2182 791
2183 159
2184 3654
2185 279
2186 357
2188 4344
2189 3745
2190 2779
2191 3828
2192 3718
2193 596
2194 865
2195 1355
2196 96
2197 833
2198 594
2199 1875
2200 2959
2201 2174
2202 2973
2203 3427
2204 2210
2205 3041
2206 3034
2207 4071
2208 4399
2209 3526
2210 144
2211 578
2212 1309
2213 2513
2214 3466
2216 2309
2217 3586
2218 2398
2219 3047
2220 3070
2221 3675
2222 3609
2223 1778
2224 2711
2225 3474
2226 2604
2227 3156
2228 1741
2229 1525
2230 251
2231 1646
2232 884
2233 3607
2234 1858
2235 2579
2236 1295
2237 2178
2238 1285
2239 1407
2240 3936
2241 2883
2242 165
2243 4504
2244 257
2245 4302
2246 1790
2247 3698
2248 3646
2249 4139
2250 1112
2251 652
2252 3270
2253 2246
2254 478
2255 2338
2256 1610
2257 4128
2258 1801
2260 854
2261 3686
2262 3840
2263 3631
2264 1982
2265 3546
2266 1530
2267 3020
2269 1897
2270 3096
2271 3469
2272 599
2273 956
2274 2777
2275 2168
2276 2625
2277 1800
2278 1507
2279 202
2280 1444
2281 1051
2282 982
2283 2730
2284 1177
2285 397
2286 3777
2287 3013
2288 481
2290 4099
2291 4339
2292 2917
2293 913
2294 1841
2295 3618
2296 66
2297 813
2298 3166
2300 987
2301 553
2302 3497
2304 2283
2305 362
2306 3504
2307 3762
2308 749
2309 4312
2310 131
2311 941
2312 2440
2313 3527
2314 1369
2315 1085
2316 116
2317 3669
2318 3556
2319 4458
2320 4208
2321 673
2322 1624
2323 4216
2324 2669
2325 1916
2326 564
2327 3889
2328 623
2329 366
2330 319
2331 3692
2332 704
2333 605
2334 3128
2335 2949
2336 792
2337 1441
2338 3947
2339 350
2340 988
2341 3954
2342 3144
2343 4034
2344 2166
2345 2417
2346 684
2347 1988
2348 1533
2349 267
2350 4230
2351 108
2352 3600
2353 4318
2354 4212
2355 1739
2356 3513
2357 4407
2358 1772
2359 1723
2360 1230
2361 2232
2362 3887
2363 3902
2364 222
2365 467
2366 1648
2368 4013
2369 1584
2370 504
2371 3403
2372 4367
2373 384
2374 1712
2375 1442
2376 1967
2377 4426
2378 1188
2379 2776
2380 4226
2381 1703
2382 3219
2383 1482
2384 1705
2385 571
2386 1036
2387 2709
2388 2351
2389 1136
2390 797
2391 321
2392 2156
2393 3860
2394 531
2395 4126
2396 3029
2397 3436
2398 316
2399 1657
2400 2860
2401 3717
2402 582
2403 1456
2404 6
2405 576
2406 1191
2407 3134
2408 1404
2409 3440
2411 3447
2412 1825
2413 2566
2414 2473
2415 1663
2417 4168
2418 2019
2419 3198
2420 3599
2421 1057
2422 3273
2423 2780
2424 2527
2425 2676
2426 1598
2427 2147
2428 1356
2429 1591
2430 2526
2431 418
2432 1072
2433 839
2434 14
2435 4242
2436 2648
2437 3426
2438 2260
2439 1818
2440 300
2441 3311
2442 965
2443 1071
2444 3574
2445 1701
2446 4542
2447 3302
2448 2493
2449 2154
2450 4000
2451 4285
2452 2767
2453 875
2454 3431
2455 2356
2456 4510
2457 265
2458 3684
2459 311
2460 1002
2461 4164
2462 4358
2463 1434
2464 191
2465 603
2466 1734
2467 1839
2468 2582
2469 4113
2470 173
2471 1481
2473 895
2474 1519
2475 1959
2476 2560
2477 3339
2478 4092
2480 1486
2481 3918
2482 1050
2483 1279
2484 2965
2485 2913
2486 3074
2487 3415
2489 3827
2490 2268
2491 1125
2492 3515
2493 569
2494 2756
2495 2051
2496 3054
2497 848
2498 3178
2499 3695
2500 4201
2501 4485
2502 2253
2503 2065
2504 3476
2505 801
2506 2508
2507 3275
2508 3852
2509 3639
2510 4331
2511 923
2512 1686
2513 1283
2514 2438
2515 3205
2516 4025
2517 1135
2518 2919
2519 1105
2520 2614
2521 3880
2522 4166
2523 4008
2524 2480
2525 587
2526 1281
2527 975
2528 1970
2529 725
2530 3825
2531 405
2532 890
2533 1956
2534 1554
2535 4355
2536 4045
2537 1383
2538 1387
2540 514
2541 4135
2542 3315
2543 521
2544 4157
2545 3087
2546 4473
2547 1715
2548 883
2549 979
2550 679
2551 1134
2552 1546
2553 3909
2554 655
2555 2664
2556 4453
2557 1683
2558 331
2559 1240
2560 1854
2561 352
2562 4496
2563 3805
2564 3421
2565 954
2566 3518
2567 3459
2568 4125
2569 3208
2570 1568
2571 2933
2572 3549
2573 169
2574 1979
2575 2409
2576 4342
2577 4440
2578 3742
2579 205
2580 423
2581 330
2582 2598
2583 4169
2584 389
2585 522
2586 3498
2587 3414
2588 827
2589 617
2590 89
2591 3090
2592 301
2593 2695
2594 3969
2595 2520
2596 1255
2597 3571
2598 2617
2599 2364
2600 1101
2601 2904
2602 1268
2603 2345
2604 3083
2605 888
2606 1368
2607 1276
2608 3127
2609 1882
2610 1516
2611 3749
2612 141
2613 3330
2614 2702
2615 100
2616 4220
2617 1762
2618 307
2619 3728
2620 2158
2621 3292
2622 1046
2623 1644
2624 104
2625 1606
2626 4536
2627 1154
2628 2740
2629 3522
2630 2993
2631 1827
2632 1333
2634 3475
2635 1521
2636 3032
2637 2469
2638 653
2639 1785
2640 3189
2641 3963
2642 2721
2643 4350
2644 134
2646 68
2647 815
2648 1708
2649 2066
2650 123
2651 2930
2652 3243
2653 2581
2654 1862
2655 486
2656 2499
2658 1799
2659 1796
2660 1342
2661 1401
2662 2671
2663 2205
2664 3252
2665 894
2666 3227
2667 1793
2668 54
2669 2628
2670 3121
2671 557
2672 1963
2673 3360
2674 3249
2675 3485
2676 3491
2677 4493
2678 856
2679 2441
2680 2444
2681 1840
2682 2990
2683 4090
2684 2387
2685 158
2686 855
2687 630
2688 1186
2689 1422
2690 479
2691 4396
2692 2691
2693 951
2694 2781
2695 249
2696 2040
2697 2170
2698 1990
2699 2070
2700 611
2701 2028
2702 469
2703 1157
2704 230
2705 2986
2706 2331
2707 1677
2708 2552
2709 3009
2710 4187
2711 183
2712 727
2713 3411
2714 2793
2715 1601
2716 328
2717 2043
2718 750
2719 4246
2720 625
2721 3380
2722 151
2723 561
2724 1485
2725 3432
2726 4431
2727 3261
2728 3046
2729 2629
2730 760
2731 2903
2732 1377
2733 3655
2734 1987
2735 2165
2736 1661
2737 3752
2738 1454
2739 436
2740 2157
2741 74
2742 741
2743 2231
2744 2547
2745 1642
2746 2301
2747 213
2748 370
2749 1133
2750 4229
2751 3959
2752 506
2753 4019
2754 278
2755 3408
2757 1460
2758 2729
2759 2769
2760 2394
2761 1495
2762 3161
2763 3806
2764 3430
2765 122
2767 2396
2768 1997
2769 3388
2770 1080
2771 93
2772 3059
2773 1161
2774 1210
2775 4031
2776 2577
2777 4225
2778 216
2779 17
2780 5
2781 2925
2782 3314
2783 4479
2784 3547
2785 2372
2786 2107
2787 2316
2788 2850
2789 2140
2790 4503
2791 2159
2792 2944
2793 4475
2794 4388
2795 4356
2796 1083
2797 1764
2798 4177
2799 2936
2800 2635
2801 2123
2802 2021
2803 2089
2804 2942
2805 2633
2806 588
2807 2191
2808 4446
2809 3368
2810 707
2811 2637
2812 583
2813 4051
2814 2257
2815 819
2817 2189
2818 2717
2819 4272
2820 2359
2821 2967
2822 3349
2823 77
2824 2554
2825 2209
2826 2312
2827 1435
2828 1250
2829 3662
2830 3592
2831 51
2832 3010
2833 2955
2834 2848
2835 757
2836 3377
2837 3999
2838 4517
2839 2451
2840 1301
2841 620
2842 1989
2843 1733
2844 3493
2845 1054
2846 1320
2847 4482
2848 721
2849 4422
2850 2386
2851 1241
2852 1500
2853 3585
2854 1207
2855 3080
2856 1007
2857 2922
2858 1923
2859 1918
2860 4030
2861 2431
2862 2623
2863 2804
2864 86
2865 3711
2866 4282
2867 974
2868 4404
2869 1716
2870 2133
2871 3066
2872 3734
2873 454
2874 2768
2875 3797
2876 2785
2877 259
2878 3454
2879 2082
2880 228
2881 3458
2882 2989
2883 3705
2884 1931
2885 702
2886 4255
2887 1961
2888 2160
2889 4249
2890 1389
2891 2757
2892 78
2893 1538
2894 4459
2895 808
2896 2475
2897 3913
2899 2600
2900 4106
2901 2943
2902 3919
2903 1074
2904 680
2905 1097
2906 2059
2907 125
2908 4006
2909 4442
2910 3157
2911 2754
2912 1419
2913 3837
2914 3735
2915 649
2916 984
2917 545
2918 1985
2919 4107
2920 4237
2921 2162
2922 1535
2923 3030
2924 4529
2925 1534
2926 1902
2927 4219
2928 3941
2929 3267
2930 3562
2931 4392
2932 4124
2933 1850
2934 269
2935 463
2936 932
2937 3310
2938 1950
2939 4316
2940 3443
2941 2152
2942 639
2943 1614
2944 2926
2945 2813
2946 2111
2948 1421
2949 612
2951 2864
2952 1962
2953 4513
2955 2038
2956 1326
2957 4151
2958 1783
2959 860
2960 4441
2961 3494
2962 793
2963 2036
2964 107
2965 1515
2966 2399
2967 1687
2968 4323
2969 3075
2970 3829
2971 101
2972 233
2973 2762
2974 3000
2975 2403
2976 2275
2977 2817
2978 574
2979 593
2980 2195
2981 3875
2982 128
2983 3568
2984 2377
2985 3394
2986 3839
2987 3576
2988 873
2989 4395
2990 142
2991 2182
2992 675
2993 450
2994 4526
2995 1596
2996 1595
2997 1647
2998 515
2999 3450
3000 2061
3001 2535
3002 4104
3003 4300
3004 2657
3005 3771
3006 3077
3007 1367
3008 638
3009 3761
3010 3770
3011 4141
3012 2266
3013 1929
3014 2556
3015 3387
3016 3850
3017 4471
3018 58
3019 981
3020 1933
3021 358
3022 3627
3023 2512
3024 3538
3025 849
3026 1957
3027 261
3028 3465
3029 39
3030 21
3031 1849
3032 2148
3033 2716
3034 171
3035 500
3036 3834
3037 1771
3038 961
3039 3159
3040 462
3041 2027
3042 1103
3043 1126
3044 3103
3045 1010
3046 972
3047 687
3048 2073
3049 4062
3050 61
3051 2242
3052 2798
3053 2016
3054 264
3055 70
3056 2611
3057 3067
3058 136
3059 2388
3060 2413
3061 3746
3062 4005
3063 1314
3064 3737
3065 3505
3066 3602
3067 3502
3068 1043
3069 1055
3070 1564
3071 3849
3072 3953
3073 2498
3074 4400
3075 3811
3076 4449
3077 71
3078 1426
3079 2141
3080 3848
3081 3579
3082 244
3083 2689
3084 2173
3085 1808
3086 3671
3087 2188
3089 4258
3090 2155
3091 1014
3092 3975
3093 4057
3094 1425
3095 3629
3096 3720
3097 3722
3098 258
3099 339
3100 3955
3101 3521
3102 155
3103 2774
3104 3921
3105 3613
3106 862
3107 493
3108 1604
3109 16
3110 3053
3111 3410
3112 2734
3113 2425
3114 3972
3115 27
3116 921
3117 1265
3118 871
3119 2693
3120 1552
3121 1563
3122 457
3123 4239
3124 1874
3125 4121
3126 4067
3127 2536
3128 844
3129 2739
3130 3791
3131 1068
3132 2809
3133 2828
3134 393
3135 4530
3136 2110
3137 3348
3138 2937
3139 1417
3140 378
3141 1881
3142 2639
3143 84
3144 1946
3145 3237
3146 2733
3147 2459
3148 1339
3149 1889
3150 4447
3151 4221
3152 1540
3153 3591
3154 4483
3155 4200
3156 1048
3157 4281
3158 3741
3159 2410
3160 1107
3161 3113
3162 745
3163 3155
3164 1965
3165 145
3166 2707
3167 460
3168 2067
3170 3893
3171 2569
3172 2859
3173 2782
3174 46
3175 1437
3176 118
3177 1328
3178 40
3179 555
3180 4425
3181 2638
3182 756
3183 309
3184 3974
3185 1508
3186 4273
3187 3141
3189 2736
3190 939
3192 2920
3193 2406
3194 4292
3195 130
3196 1335
3197 139
3198 3645
3199 718
3200 903
3201 3950
3202 4361
3203 1681
3204 2181
3205 114
3206 3781
3207 2151
3208 3886
3209 3964
3210 3104
3211 2250
3212 1306
3213 658
3214 3845
3215 3905
3216 1393
3217 4346
3218 678
3219 1429
3220 3071
3221 2985
3222 3372
3223 1756
3224 4557
3225 502
3226 4502
3227 2687
3228 4535
3229 3248
3230 2605
3231 3987
3232 2341
3234 2202
3235 1860
3236 2062
3237 2900
3238 4183
3239 2037
3240 816
3241 614
3242 1142
3243 3076
3244 4554
3245 3125
3246 3623
3247 1635
3248 1275
3249 4326
3250 4486
3251 4078
3252 2667
3253 973
3254 1479
3255 2443
3256 737
3257 2208
3258 3708
3259 2886
3260 4276
3261 1030
3262 774
3263 2656
3264 2284
3265 3611
3266 3357
3267 4497
3268 3606
3269 674
3270 43
3271 290
3272 2703
3273 3910
3274 3906
3275 3065
3276 4119
3277 262
3278 3317
3279 488
3280 781
3281 2613
3282 519
3283 2127
3284 3801
3285 591
3286 3135
3287 1721
3288 1222
3289 2295
3290 459
3291 163
3292 95
3293 18
3294 1964
3295 1684
3296 716
3297 1752
3298 1580
3299 1817
3300 4527
3301 4197
3302 3621
3303 643
3304 713
3305 491
3306 2482
3307 1995
3308 1347
3309 3740
3310 1834
3311 4424
3312 748
3313 1805
3314 1886
3315 1590
3316 2022
3317 953
3318 4094
3319 3510
3320 1459
3321 334
3322 64
3323 3923
3324 223
3325 2834
3326 2796
3327 3099
3328 4472
3329 1291
3330 2063
3331 1994
3332 4035
3333 3550
3334 3808
3335 1585
3336 2327
3337 2139
3338 2808
3339 4398
3340 3483
3341 1822
3342 547
3343 3461
3344 1611
3345 3617
3346 4160
3347 4414
3348 1699
3349 494
3350 2244
3351 1117
3352 179
3353 2684
3354 3028
3355 3501
3356 2428
3357 2567
3358 206
3359 3594
3360 4352
3361 526
3362 1251
3363 4186
3364 4309
3365 3674
3366 3778
3367 94
3368 3725
3369 3534
3370 809
3371 732
3372 404
3373 4047
3374 1316
3375 3716
3376 4132
3378 565
3379 422
3380 1201
3381 2940
3382 2995
3383 3681
3384 1928
3385 4293
3387 2094
3388 864
3389 2017
3390 2720
3391 4278
3392 1313
3393 392
3394 3983
3395 2775
3396 1025
3397 3400
3398 415
3400 1803
3401 696
3402 863
3403 936
3404 188
3405 4343
3406 2198
3407 4145
3408 3404
3409 4335
3410 1582
3411 2765
3412 830
3413 2678
3414 1986
3415 4387
3416 1170
3417 3471
3418 1831
3419 3456
3420 464
3421 976
3422 2507
3423 2271
3424 4538
3425 2885
3426 1478
3427 1203
3428 3514
3429 777
3430 1397
3431 4211
3432 2907
3433 4238
3434 2308
3435 2723
3436 2759
3437 400
3438 1094
3439 660
3440 1358
3441 2418
3443 294
3444 1114
3445 1975
3446 1148
3447 2373
3448 1973
3449 3154
3450 1305
3451 3486
3452 3143
3453 3422
3454 1930
3455 3007
3456 4321
3457 3049
3458 1941
3459 1196
3460 4488
3461 503
3462 1378
3463 3855
3464 1879
3465 2666
3466 3145
3467 567
3468 2799
3469 1344
3470 1927
3472 558
3473 4053
3474 2866
3475 2856
3476 4152
3477 4195
3478 1682
3479 247
3480 3247
3481 995
3482 36
3483 1528
3484 992
3485 3287
3487 1556
3488 3557
3490 3283
3491 2430
3492 344
3493 662
3494 4308
3495 2871
3496 4204
3497 4233
3498 1709
3499 3567
3500 1603
3501 3352
3502 3620
3503 1395
3504 2145
3505 3467
3506 1693
3507 3190
3508 1816
3509 3540
3510 3051
3511 3759
3512 4289
3513 1379
3514 2333
3515 3858
3516 2130
3517 3149
3518 2258
3519 2437
3520 2892
3521 2963
3522 2615
3523 1127
3524 701
3525 3079
3526 511
3527 3332
3528 2143
3529 3085
3530 2685
3531 1361
3532 1267
3533 3142
3534 3555
3535 2773
3536 4491
3537 3699
3538 2235
3539 4122
3540 168
3541 1755
3542 4189
3543 1710
3544 1363
3545 2293
3546 47
3547 1773
3548 3338
3549 1688
3550 4271
3551 2844
3552 832
3553 3188
3554 2791
3555 1150
3556 3068
3557 3150
3558 1477
3559 2853
3560 3484
3561 1616
3562 2392
3563 2092
3564 2557
3565 2890
3566 4097
3567 1855
3568 1329
3569 3915
3570 4102
3571 1037
3572 4552
3573 270
3574 2830
3575 2911
3576 3937
3577 3928
3578 2090
3579 1430
3580 1641
3581 445
3582 1408
3583 3710
3584 2218
3585 722
3586 2354
3587 414
3588 1972
3589 742
3590 2715
3591 1286
3592 3050
3593 2700
3594 595
3595 4192
3596 1542
3597 552
3598 3343
3599 4351
3600 390
3601 1541
3602 4245
3603 3517
3604 4173
3605 1680
3606 2363
3607 1672
3608 3739
3609 1400
3610 3830
3611 437
3612 1081
3613 806
3614 2427
3615 2770
3616 946
3617 1821
3618 2055
3619 3524
3620 940
3621 135
3622 2185
3623 75
3624 1745
3625 4305
3626 2561
3627 1743
3628 2433
3629 303
3630 835
3631 1297
3632 2423
3633 899
3634 4086
3635 532
3636 4076
3637 2947
3638 2510
3639 2303
3640 195
3641 167
3642 983
3643 2814
3644 697
3645 2049
3646 349
3647 2491
3648 2432
3649 4534
3650 4199
3651 3307
3652 2607
3653 1526
3654 1878
3655 2044
3656 4267
3657 4454
3658 3309
3659 3965
3660 1671
3661 4218
3662 324
3664 520
3665 1969
3666 1852
3667 559
3668 2810
3669 3542
3670 1234
3671 3946
3672 308
3673 3682
3674 2457
3675 1227
3676 1811
3677 1290
3678 3230
3679 292
3680 1353
3681 2150
3682 2712
3683 1034
3684 1294
3685 2048
3686 542
3687 239
3688 2013
3689 525
3690 3107
3691 2771
3692 4009
3693 753
3694 1735
3695 957
3696 3993
3697 3897
3698 2851
3699 2642
3700 1439
3701 3753
3702 1451
3703 3888
3704 2699
3705 2697
3706 3956
3707 1413
3708 1012
3710 1130
3711 1466
3712 3552
3713 4315
3714 3528
3715 4028
3716 1820
3717 1567
3718 1288
3719 1242
3720 3132
3721 1513
3722 2414
3723 2307
3724 456
3725 1066
3726 3891
3727 2199
3728 2009
3729 1976
3730 3131
3731 2987
3732 3724
3733 1102
3734 3895
3735 3165
3736 1217
3737 1208
3738 4393
3739 4002
3740 2585
3741 805
3742 3545
3743 592
3744 4224
3745 1436
3746 2187
3747 3901
3748 728
3749 4558
3750 3680
3751 2233
3752 3105
3753 664
3754 4048
3755 2755
3756 1830
3757 1949
3758 935
3761 4516
3762 2247
3763 3754
3764 3336
3765 1579
3766 430
3767 4018
3768 3072
3769 3102
3770 1833
3771 3391
3772 4319
3773 509
3774 2311
3775 2559
3776 4129
3777 52
3778 3442
3779 2340
3780 1891
3781 4017
3782 3630
3783 3180
3785 2448
3786 1245
3787 4373
3788 911
3789 1058
3790 2380
3791 4550
3792 1467
3793 3503
3794 2495
3795 208
3796 1935
3797 1262
3798 3767
3799 2135
3800 1838
3801 3418
3802 3863
3803 4075
3804 465
3805 1237
3806 3098
3807 2408
3808 4012
3809 2795
3810 498
3811 1514
3812 1998
3813 1619
3814 291
3815 3014
3816 2899
3817 2015
3818 3199
3819 80
3820 3011
3821 767
3822 2204
3823 689
3824 1757
3825 537
3826 4073
3827 3615
3828 698
3829 2226
3830 3306
3831 4560
3832 4215
3833 1880
3834 1443
3835 1233
3836 2891
3837 453
3838 1499
3839 3554
3840 1922
3841 3572
3842 4334
3843 1983
3844 2538
3845 3211
3846 2484
3847 417
3849 4134
3850 3038
3851 241
3852 1883
3853 120
3854 97
3855 3299
3856 1725
3857 766
3858 1063
3859 4391
3860 2481
3861 955
3862 3595
3863 530
3864 1692
3865 2262
3866 2219
3867 3175
3868 1768
3869 669
3870 4450
3871 3367
3872 2574
3873 601
3874 2544
3875 4512
3876 2294
3877 3012
3878 937
3879 2024
3880 2033
3881 98
3882 2975
3883 1457
3884 3626
3885 4154
3886 579
3887 2291
3889 348
3890 4376
3891 4027
3892 3350
3893 747
3894 2801
3895 3776
3896 609
3897 1543
3898 1740
3899 409
3900 608
3901 2116
3902 1106
3903 1350
3904 1780
3905 2099
3906 1539
3907 2845
3908 4283
3909 282
3910 2056
3911 927
3912 3558
3913 3916
3914 1861
3915 3900
3916 1510
3917 221
3918 3879
3919 4445
3920 3433
3921 3181
3922 2279
3923 4118
3924 3262
3925 429
3926 1732
3927 287
3928 869
3929 3412
3930 1122
3931 53
3932 2515
3933 3608
3934 12
3935 4268
3937 915
3938 416
3939 1096
3940 1518
3941 3920
3942 2186
3943 2064
3944 699
3945 1690
3946 26
3947 1617
3948 3137
3949 2193
3950 2397
3951 2652
3952 1789
3953 2236
3954 342
3955 115
3956 103
3957 1667
3958 2932
3959 2539
3960 476
3961 8
3962 640
3963 637
3964 3659
3965 2706
3966 2519
3967 516
3968 602
3969 3266
3970 900
3971 396
3972 3091
3973 4365
3974 803
3975 2580
3976 2714
3977 1561
3978 3284
3979 4056
3980 4345
3981 3152
3982 306
3983 1293
3984 3982
3985 2375
3986 2923
3987 466
3988 683
3989 3386
3990 99
3991 3346
3992 3996
3993 2786
3994 512
3995 1597
3996 4052
3997 3532
3999 2020
4000 2718
4001 3842
4002 628
4003 2870
4004 577
4005 1565
4006 3508
4007 2753
4008 4406
4009 1005
4010 2487
4011 2083
4012 1724
4013 2102
4014 2069
4015 4284
4016 176
4017 731
4018 4494
4019 904
4020 2668
4021 1668
4022 2502
4023 105
4024 1432
4025 1110
4026 1906
4027 1890
4028 2982
4029 3186
4030 2366
4031 343
4032 1806
4033 969
4034 3082
4035 2088
4036 1472
4037 394
4038 681
4039 2760
4040 1643
4041 1575
4042 42
4043 1239
4044 377
4045 2546
4046 2619
4047 735
4048 2876
4049 2800
4050 2794
4051 1522
4052 1167
4053 3516
4054 692
4055 1172
4056 831
4057 3939
4058 1304
4059 2918
4060 482
4061 3938
4062 2109
4063 1047
4064 1132
4065 4364
4066 2389
4067 4069
4068 360
4069 3288
4070 2978
4071 1213
4072 999
4073 48
4074 2460
4075 1813
4076 1197
4077 3651
4078 2960
4079 4378
4080 2829
4081 4436
4082 4511
4083 199
4084 3094
4085 3750
4086 4296
4087 3731
4088 3326
4089 2445
4090 2119
4092 1679
4093 543
4094 723
4095 4415
4096 568
4097 2196
4098 2103
4100 3719
4101 90
4102 1266
4103 3223
4104 1900
4105 2263
4106 2383
4107 3434
4108 1784
4109 743
4110 2889
4111 3481
4112 427
4113 2476
4114 1484
4115 3477
4116 1181
4117 1318
4118 905
4119 246
4120 3869
4121 3297
4123 589
4124 1669
4125 790
4126 3989
4127 510
4128 4253
4129 778
4130 3263
4131 4541
4132 3369
4134 2778
4135 1280
4136 231
4137 1658
4138 1655
4139 2658
4140 4108
4141 299
4142 1270
4143 1464
4144 3861
4145 2972
4146 1020
4147 4240
4148 3004
4149 3193
4150 1996
4151 1798
4152 4275
4153 1717
4154 3668
4155 1924
4156 3215
4157 3177
4158 2909
4159 1939
4160 3254
4161 4176
4162 2751
4163 440
4164 2622
4165 2011
4166 811
4167 3111
4168 2595
4169 1462
4170 3883
4171 2681
4172 3179
4173 3642
4174 3581
4175 4181
4176 2996
4177 1016
4178 4194
4179 2545
4180 2626
4181 4120
4182 2641
4183 388
4184 4191
4185 4037
4186 3873
4187 1195
4188 1325
4189 138
4190 1448
4191 4148
4192 1487
4193 2961
4194 907
4195 4505
4197 2532
4198 79
4199 3162
4200 210
4201 1980
4202 1905
4203 841
4204 3775
4205 4014
4206 3327
4207 398
4208 2549
4209 3957
4210 1809
4212 1049
4213 922
4214 2647
4215 1759
4216 1971
4217 212
4218 3663
4219 3648
4220 3335
4221 4325
4222 2360
4223 2686
4224 1332
4225 994
4226 2865
4227 3224
4228 3922
4229 645
4230 31
4231 1630
4232 3844
4233 876
4234 406
4235 892
4236 4015
4237 3814
4238 1253
4239 3690
4240 1120
4241 442
4242 1116
4243 3022
4244 2832
4245 624
4246 4438
4247 2896
4248 755
4249 3952
4250 1842
4251 2824
4252 861
4253 837
4254 4348
4255 3401
4256 296
4257 1249
4258 1336
4259 2321
4260 3945
4261 1238
4262 2084
4263 3985
4264 2298
4265 3487
4266 3803
4267 1859
4268 2548
4269 4077
4270 2201
4271 1041
4272 2241
4273 1416
4274 4433
4275 1310
4276 3614
4277 3732
4278 3634
4279 1453
4280 4499
4281 1691
4282 3786
4283 1652
4284 4375
4285 788
4286 2259
4287 714
4288 2884
4289 4171
4290 4142
4291 2591
4292 948
4293 4333
4294 281
4295 3981
4296 787
4297 367
4298 3164
4299 2008
4300 234
4301 1666
4302 2522
4303 1829
4304 785
4305 2286
4306 897
4307 2465
4308 3726
4309 4476
4310 3666
4311 996
4312 2966
4313 2302
4314 1936
4315 1697
4316 3813
4317 2400
4318 4490
4319 2466
4320 2523
4321 4153
4322 3168
4323 1224
4324 1654
4325 661
4327 1337
4328 38
4329 3468
4330 2843
4331 1398
4332 1232
4333 2137
4334 3479
4335 4081
4336 3942
4337 3027
4338 2217
4339 2172
4340 527
4341 1765
4342 3525
4343 381
4344 1465
4345 635
4346 4291
4347 1490
4348 4259
4349 4286
4350 4066
4351 3397
4352 1665
4353 3376
4354 3452
4355 1627
4356 2005
4357 318
4358 619
4359 1632
4360 2586
4361 1925
4362 3519
4363 2306
4364 2355
4365 759
4366 3809
4367 1428
4369 329
4370 3826
4371 412
4372 1259
4373 3911
4374 958
4375 3235
4376 1718
4377 2589
4378 280
4379 164
4380 444
4381 4518
4382 4522
4383 3882
4384 4042
4385 1634
4386 2261
4387 3272
4388 2097
4389 2472
4390 2846
4391 1832
4392 3340
4393 1750
4394 1001
4395 174
4396 2983
4397 3220
4398 1869
4399 2576
4400 4509
4401 4372
4402 4202
4403 1531
4404 3657
4405 3798
4406 3597
4407 2407
4408 3871
4409 886
4410 4087
4411 3114
4412 1786
4413 798
4414 1802
4415 4084
4416 4484
4417 2323
4418 2537
4419 3635
4420 820
4421 3709
4422 1351
4423 4354
4424 2534
4425 821
4426 4327
4427 3277
4428 3966
4429 2012
4430 3342
4431 3641
4432 2632
4433 2
4434 3238
4435 2229
4436 2267
4437 3024
4438 3823
4439 1587
4440 2603
4441 4143
4442 2893
4443 3182
4444 2612
4445 1365
4446 4532
4447 1904
4448 2101
4449 2812
4450 769
4451 2731
4452 505
4454 4029
4455 4093
4456 2169
4458 3192
4459 2025
4460 4408
4461 4061
4462 2766
4463 3531
4464 2029
4465 1023
4466 1932
4467 3308
4468 942
4469 2649
4470 754
4471 63
4472 4515
4473 914
4474 1218
4475 137
4476 4380
4477 1948
4478 2953
4479 3423
4480 2543
4481 4140
4482 4190
4483 2645
4484 1761
4485 2018
4486 2439
4487 1159
4488 133
4489 2348
4490 1742
4491 1704
4492 2330
4493 1219
4494 3507
4495 4324
4496 3052
4497 1553
4499 2249
4500 3622
4501 2471
4502 1334
4503 3962
4504 499
4505 4544
4506 1124
4507 4277
4508 1248
4509 1152
4510 1003
4511 2488
4512 426
4513 1493
4514 1678
4515 1977
4517 1707
4518 1166
4519 3877
4520 1633
4521 363
4522 420
4523 1256
4524 4089
4525 1613
4526 782
4527 2616
4528 3565
4529 2002
4530 3944
4531 4417
4532 1851
4533 1415
4534 3994
4535 581
4536 4465
4537 4314
4538 2464
4539 263
4540 3807
4541 323
4542 448
4543 1284
4544 3683
4545 1029
4546 3363
4547 2875
4548 2761
4549 1173
4550 4384
4551 1190
4552 2393
4553 2575
4554 4366
4555 1730
4556 471
4557 3396
4558 2470
4559 1131
4560 3371
4561 2164
4562 1476
